0
0
0
0
0
0
0
0
0
0
0
0
0
0
0
0
0
0
0
0
0
0
0
0
0
0
0
0
0
0
0
0
0
0
0
0
0
0
0
0
0
0
0
0
0
0
0
0
0
0
0
0
0
0
0
0
0
0
0
0
1
0
0
0
0
0
0
0
0
0
0
0
0
0
0
0
0
0
0
0
0
0
0
0
0
0
0
0
0
0
0
0
0
0
0
0
0
0
0
0
0
0
0
0
0
0
0
0
0
0
0
0
0
0
0
0
0
0
0
0
5
86
255
-104
163
21
-411
401
-24
-342
-239
319
67
16
29
-227
-497
-338
-365
-265
171
-97
-40
341
-419
432
-166
263
-454
288
-77
329
402
27
-118
-196
479
-190
-83
-217
-83
-324
-163
-162
-83
-260
-500
-84
-14
180
-333
201
307
365
78
-96
-483
462
322
29
438
-48
17
-334
359
488
-193
-273
-162
195
43
70
-290
-226
330
134
355
-240
-153
401
431
379
-131
378
89
-217
-234
385
246
-44
102
320
-344
396
233
-22
-91
-372
460
403
70
346
81
-418
23
488
-508
159
454
-227
202
-457
477
-326
448
-6
-44
307
-174
48
365
260
-241
-185
296
-30
-392
-233
-474
340
-129
-372
-493
102
315
-4
97
-378
33
286
429
-236
-469
-162
-505
-348
-180
-220
444
482
259
-67
334
-365
240
153
-146
364
-471
-245
-464
329
-179
462
-17
-62
87
378
41
56
-283
-427
246
288
451
260
-292
-89
379
76
