0
0
0
0
0
0
0
0
0
0
0
0
0
0
0
0
0
0
0
0
0
0
0
0
0
0
0
0
0
0
0
0
0
0
0
0
0
0
0
0
0
0
0
0
0
0
0
0
0
0
0
0
0
0
0
0
0
0
0
0
0
0
0
0
0
0
0
0
0
0
0
0
0
0
0
0
0
0
0
0
0
0
0
0
0
0
0
0
0
0
0
0
0
0
0
0
0
0
0
0
1
0
0
0
0
0
0
0
0
0
0
0
0
0
0
0
0
0
0
0
0
0
0
0
0
0
0
0
0
0
0
0
0
0
0
0
0
0
0
0
0
0
0
0
0
0
0
0
0
0
0
0
0
0
0
0
0
0
0
0
0
0
0
0
0
0
0
0
0
0
0
0
0
0
0
0
0
0
0
0
0
0
0
0
0
0
0
0
0
0
0
0
0
0
0
0
0
0
0
0
-132
53
-260
-282
-393
329
-18
420
-233
-54
-417
472
-150
200
371
-470
-332
-238
-298
468
-355
-445
103
-293
119
-370
281
496
-110
438
-229
331
95
-437
-98
178
-383
-52
19
-52
505
78
-463
-504
309
-275
-244
-100
-225
446
496
-395
271
428
-471
-128
312
-149
-395
313
-486
451
-384
-198
-151
-200
465
96
54
-100
52
279
298
268
-484
-400
63
-115
-163
-3
449
-295
58
-349
41
-316
-24
321
510
63
160
366
-506
-233
-96
-364
-311
-132
-72
51
-274
424
-353
371
-38
-486
166
-13
-79
397
-171
-437
-219
269
-485
-52
-433
136
87
-310
-412
198
499
289
52
214
-211
-113
305
-305
319
51
-496
61
83
-346
-215
-121
-123
274
-161
354
416
284
-370
-102
225
418
127
380
326
-268
207
433
-80
-350
-172
374
165
488
-129
-497
-110
-401
-161
-356
-231
50
284
-365
90
366
-169
-34
-508
447
-479
-321
183
226
-231
450
64
-221
-38
91
323
-506
500
28
49
-370
-147
-449
415
67
-437
399
166
55
131
-29
-406
-431
110
-503
452
106
23
314
-84
-231
-85
-463
42
-339
200
-130
125
43
399
-278
385
-445
-197
114
401
159
57
252
-332
348
490
-332
353
48
455
503
246
340
228
-330
421
-149
-58
100
-37
-191
-278
236
-303
-321
-358
-423
-87
319
-416
-312
-181
-182
468
-388
32
434
390
277
267
304
-151
154
226
-285
-405
-190
356
83
194
-41
446
-436
17
60
-107
320
397
396
511
-35
-206
-418
-24
295
342
240
-246
-361
-483
278
-493
172
